{
  "advancedEditorSelectedIdentifier" : "ProjectBrowser",
  "openSceneRelativePaths" : [
    "Scene.usda",
    "cube.usdc",
    "Test.usda",
    "Materials\/GridMaterial.usda"
  ],
  "recentIdentifiers" : {
    "0B498534-9060-44A9-9036-52F096EC814A" : [

    ]
  },
  "sceneCameraHistory" : {
    "0B498534-9060-44A9-9036-52F096EC814A" : [
      {
        "date" : 732532628.27778,
        "title" : "Untitled",
        "transform" : [
          0.54994684,
          -1.7598756e-08,
          0.8351997,
          0,
          0.4354504,
          0.85332906,
          -0.2867273,
          0,
          -0.71270007,
          0.5213728,
          0.46928567,
          0,
          -2.735578,
          1.668021,
          1.8112352,
          1
        ]
      },
      {
        "date" : 732532368.354284,
        "title" : "Untitled",
        "transform" : [
          0.54994684,
          -3.2550922e-08,
          0.83519965,
          0,
          0.43545038,
          0.853329,
          -0.2867273,
          0,
          -0.71270007,
          0.5213728,
          0.46928564,
          0,
          -7.381992,
          5.132649,
          5.4447203,
          1
        ]
      },
      {
        "date" : 732532366.146967,
        "title" : "Untitled",
        "transform" : [
          0.635055,
          1.1891881e-08,
          0.77246696,
          0,
          0.48979902,
          0.77327466,
          -0.40267015,
          0,
          -0.5973291,
          0.63407123,
          0.4910719,
          0,
          -7.381992,
          5.132649,
          5.4447203,
          1
        ]
      },
      {
        "date" : 732532357.718865,
        "title" : "Untitled",
        "transform" : [
          0.635055,
          1.1891881e-08,
          0.77246696,
          0,
          0.48979902,
          0.77327466,
          -0.40267015,
          0,
          -0.5973291,
          0.63407123,
          0.4910719,
          0,
          -22.948706,
          21.657225,
          18.242485,
          1
        ]
      },
      {
        "date" : 732532354.006687,
        "title" : "Untitled",
        "transform" : [
          0.63505495,
          -1.1054282e-08,
          0.7724669,
          0,
          0.48979908,
          0.77327466,
          -0.4026701,
          0,
          -0.59732914,
          0.63407123,
          0.49107194,
          0,
          -0.42984152,
          0.48972654,
          0.3503651,
          1
        ]
      },
      {
        "date" : 732532331.861033,
        "title" : "Untitled",
        "transform" : [
          0.14027712,
          8.2431795e-10,
          0.99011225,
          0,
          0.9088631,
          0.39672038,
          -0.12876591,
          0,
          -0.39279777,
          0.9179395,
          0.0556508,
          0,
          -0.026855852,
          0.061953083,
          0.019065447,
          1
        ]
      },
      {
        "date" : 732532326.152808,
        "title" : "Untitled",
        "transform" : [
          0.99999994,
          0,
          0,
          0,
          0,
          0.8660254,
          -0.49999988,
          0,
          0,
          0.49999988,
          0.8660254,
          0,
          -0.0013505114,
          0.0344714,
          0.072723895,
          1
        ]
      },
      {
        "date" : 732532318.655891,
        "title" : "Untitled",
        "transform" : [
          0.99999994,
          0,
          0,
          0,
          0,
          0.8660254,
          -0.49999988,
          0,
          0,
          0.49999988,
          0.8660254,
          0,
          -7.320764e-05,
          0.22453058,
          0.38960406,
          1
        ]
      },
      {
        "date" : 732532299.324629,
        "title" : "Untitled",
        "transform" : [
          0.99999994,
          0,
          -0,
          0,
          -0,
          0.8660254,
          -0.49999988,
          0,
          0,
          0.49999988,
          0.8660254,
          0,
          0,
          0.23542365,
          0.40776578,
          1
        ]
      }
    ],
    "0EA4B4A5-6533-4714-BC7E-BE465BC628EA" : [
      {
        "date" : 732532165.997209,
        "title" : "Untitled",
        "transform" : [
          1,
          0,
          -0,
          0,
          -0,
          0.8660258,
          -0.49999928,
          0,
          0,
          0.49999928,
          0.8660258,
          0,
          0,
          4.2346673,
          7.334659,
          1
        ]
      }
    ],
    "90C576A0-F90A-43B8-9998-14918A66F863" : [
      {
        "date" : 732532673.41086,
        "title" : "Untitled",
        "transform" : [
          1,
          0,
          -0,
          0,
          -0,
          0.8660253,
          -0.50000006,
          0,
          0,
          0.50000006,
          0.8660253,
          0,
          0,
          0.14521995,
          0.28300458,
          1
        ]
      },
      {
        "date" : 732532166.141834,
        "title" : "Untitled",
        "transform" : [
          1,
          0,
          -0,
          0,
          -0,
          0.8660253,
          -0.50000006,
          0,
          0,
          0.50000006,
          0.8660253,
          0,
          0,
          0.42059913,
          0.7284991,
          1
        ]
      }
    ],
    "8355B236-4CCE-4013-AD4D-224972225C15" : [
      {
        "date" : 732532657.673863,
        "title" : "Untitled",
        "transform" : [
          0.99999994,
          0,
          -0,
          0,
          -0,
          0.8660254,
          -0.49999988,
          0,
          0,
          0.49999988,
          0.8660254,
          0,
          0,
          0.23542365,
          0.40776578,
          1
        ]
      }
    ]
  },
  "selectedSceneRelativePath" : "Test.usda"
}